 tsk_325 tsk_3368 tsk_3098 tsk_1167 tsk_126 tsk_2381 tsk_375 tsk_2971 tsk_641 tsk_3652 tsk_532 tsk_1926 tsk_395 tsk_2097 tsk_671 tsk_2857 tsk_1381 tsk_2599 tsk_3567 tsk_1655 tsk_1435 tsk_2987 tsk_3042 tsk_1800 tsk_313 tsk_3312 tsk_1517 tsk_2427 tsk_1440 tsk_1891 tsk_3469 tsk_3243 tsk_3948 tsk_3896 tsk_3965 tsk_2939 tsk_1033 tsk_2000 tsk_756 tsk_848 tsk_2298 tsk_1838 tsk_1061 tsk_2808 tsk_1399 tsk_661 tsk_770 tsk_2260 tsk_1342 tsk_2911 tsk_45 tsk_249 tsk_3314 tsk_3379 tsk_2638 tsk_2174 tsk_1398 tsk_2007 tsk_3534 tsk_560 tsk_2021 tsk_1548 tsk_1215 tsk_2252 tsk_1811 tsk_1382 tsk_2747 tsk_1090 tsk_3055 tsk_3845 tsk_2199 tsk_2961 tsk_3188 tsk_3676 tsk_1063 tsk_369 tsk_1688 tsk_1629 tsk_228 tsk_3069 tsk_2702 tsk_853 tsk_983 tsk_3701 tsk_450 tsk_398 tsk_2988 tsk_306 tsk_737 tsk_303 tsk_3451 tsk_2505 tsk_2235 tsk_2308 tsk_3710 tsk_227 tsk_3274 tsk_2585 tsk_758 tsk_2092
0 0.00080934 0.001296335 0.001267675 0.00135232 0.001356825 0.001309905 0.001317085 0.001357235 0.00138799 0.00134555 0.00144212 0.001339275 0.001264995 0.00129366 0.001343065 0.00128391 0.00135325 0.001317355 0.001389085 0.001395325 0.001320355 0.001514065 0.001189275 0.001398255 0.00131315 0.0013576 0.001428445 0.00134709 0.00139901 0.001312395 0.00131014 0.001380745 0.001222525 0.00140122 0.00133948 0.00139517 0.0013291 0.001434515 0.00130704 0.001248385 0.00134429 0.00124676 0.00141284 0.00137923 0.00127099 0.001341895 0.00134638 0.0012338 0.001414 0.001292995 0.001404115 0.00136481 0.00137872 0.0012432 0.00135929 0.00140797 0.001344175 0.001389145 0.001393835 0.00130013 0.00127172 0.001203365 0.001349735 0.001337335 0.00140792 0.00143354 0.001311135 0.00125258 0.001267045 0.00140814 0.001341185 0.001277855 0.001356725 0.001362315 0.001356685 0.001441315 0.001243365 0.00134628 0.001385105 0.001368485 0.001353655 0.001307745 0.00128776 0.001401015 0.001393725 0.00137723 0.001333735 0.001347185 0.001256515 0.00137261 0.00139409 0.00131916 0.001213495 0.001411535 0.00146666 0.001360325 0.001104605 0.001350185 0.001382555 0.001317325
1 0.001296335 0.0013656 0.001294885 0.001263555 0.001333195 0.001357375 0.0013161 0.00133442 0.0013431 0.00132023 0.001321555 0.001343105 0.00125496 0.001291545 0.001327855 0.001317955 0.001332645 0.00128916 0.00135676 0.001373015 0.00128028 0.001418955 0.001236395 0.00134687 0.001235505 0.00134611 0.0013068 0.00131902 0.00138191 0.001265785 0.001268265 0.00135725 0.001231405 0.001344845 0.001322285 0.00136944 0.001343835 0.001224565 0.00135751 0.00126743 0.00127464 0.001197775 0.001367275 0.001421095 0.001252415 0.00132274 0.001406785 0.001224745 0.001336125 0.00125543 0.001329525 0.00129869 0.001272785 0.001303025 0.00137308 0.001280035 0.001298025 0.001348955 0.001174025 0.00130286 0.00140267 0.00132468 0.001341015 0.001298355 0.001329795 0.00136716 0.00134796 0.001298055 0.001277585 0.001348015 0.00135045 0.001228405 0.001351645 0.001412435 0.001267725 0.001362955 0.001388315 0.001385465 0.001303995 0.001094205 0.001291735 0.0012313 0.00128984 0.001372485 0.00129973 0.00136527 0.00130042 0.0013277 0.001356425 0.00146845 0.001351665 0.001331955 0.001280505 0.00136519 0.0014492 0.001336365 0.001336825 0.001251265 0.00135306 0.00125265
2 0.001267675 0.001294885 0.0013739 0.001179375 0.001295715 0.001246 0.001317515 0.00135227 0.001411655 0.00127752 0.001360085 0.0013384 0.001287495 0.001358095 0.001369615 0.001330525 0.001291625 0.0012305 0.00128426 0.001308555 0.001346105 0.00142215 0.001276125 0.00140889 0.00132279 0.00126848 0.00135554 0.00136569 0.001368765 0.00131825 0.00130155 0.001324285 0.001261645 0.0012438 0.0013629 0.001369205 0.00133791 0.001341245 0.001389125 0.00132302 0.00131469 0.001290365 0.001359365 0.001266625 0.00124048 0.00132493 0.00131659 0.001227045 0.00131353 0.001290545 0.001343355 0.00132757 0.001301875 0.001285055 0.00129667 0.00137771 0.001294225 0.00134308 0.001377375 0.00135349 0.001326085 0.00113065 0.0013218 0.001220495 0.001220105 0.001328 0.00142164 0.00126851 0.001231635 0.00135479 0.001339185 0.00124679 0.001348535 0.00135577 0.001351135 0.00130486 0.001256835 0.001317125 0.001352325 0.001311075 0.00121139 0.001244135 0.001314065 0.00131742 0.00135988 0.00129596 0.001350865 0.001329865 0.00127868 0.001388605 0.001267055 0.001343955 0.00134734 0.001392755 0.001442725 0.001359545 0.001321195 0.001292185 0.001359865 0.00127846
3 0.00135232 0.001263555 0.001179375 0.00125223 0.00108571 0.00131705 0.001335585 0.00130121 0.001403935 0.001289665 0.001300585 0.001316575 0.001331055 0.001250725 0.001422015 0.00120128 0.00127465 0.00118692 0.00134649 0.001241935 0.001308085 0.00139056 0.00128195 0.00133417 0.00136755 0.001311535 0.00134766 0.001330015 0.00129428 0.001296645 0.001247605 0.00132579 0.001380985 0.00132619 0.00131859 0.00133966 0.00128003 0.001251065 0.001354035 0.001315365 0.00131955 0.00125473 0.00136125 0.001258895 0.001335535 0.00129141 0.001389 0.00120408 0.001269085 0.001227605 0.001342845 0.00129624 0.00130243 0.001379865 0.00133271 0.001348195 0.001319985 0.001293325 0.001325505 0.00134034 0.001395365 0.00125705 0.00138492 0.0013098 0.00121153 0.00134752 0.001426805 0.001313035 0.00120146 0.00132958 0.00134358 0.00130611 0.0014085 0.001395885 0.001342715 0.00136794 0.00126329 0.001350855 0.00138338 0.001361325 0.001276385 0.00126012 0.001261915 0.00126079 0.00135083 0.00133574 0.001268935 0.00137297 0.00125449 0.001385805 0.00134315 0.001283675 0.001195355 0.001359805 0.00143862 0.00141356 0.001306515 0.001272285 0.001340175 0.001255705
4 0.001356825 0.001333195 0.001295715 0.00108571 0.0012741 0.001345325 0.00144773 0.00127437 0.00141227 0.00123698 0.001375085 0.00133212 0.00125571 0.00125633 0.001326255 0.001261555 0.00129767 0.001335235 0.00136246 0.001302995 0.00133689 0.00136097 0.001333235 0.001418485 0.001251815 0.001372565 0.00139368 0.00130609 0.00129108 0.001267855 0.00136457 0.00132213 0.00133726 0.00139689 0.0013944 0.00130547 0.00136262 0.001340245 0.001345375 0.0013011 0.00129523 0.001199355 0.001349735 0.001299715 0.001331925 0.00126907 0.001463425 0.00128705 0.00132761 0.00127932 0.001380075 0.00136569 0.001330035 0.001335795 0.00133748 0.001353995 0.001305865 0.00126715 0.001342365 0.00127743 0.001374405 0.00130259 0.00129799 0.00131688 0.00133493 0.001413845 0.00136518 0.00125718 0.001277925 0.001389185 0.001227565 0.00128145 0.00138367 0.001392325 0.00138714 0.001339835 0.00126824 0.00142097 0.0014059 0.00137473 0.00129224 0.001394325 0.00129743 0.00130109 0.00135894 0.00137988 0.001253375 0.00142754 0.001344435 0.001307945 0.001281905 0.001272175 0.00131972 0.00141761 0.001366375 0.00137305 0.00132894 0.00141706 0.001313 0.00117711
5 0.001309905 0.001357375 0.001246 0.00131705 0.001345325 0.00124423 0.00137986 0.001350295 0.001283255 0.001325855 0.001274285 0.00132936 0.00124516 0.001374715 0.00128357 0.001289245 0.00133532 0.00123982 0.00123635 0.001278985 0.00139601 0.00140571 0.00140005 0.00138508 0.001443585 0.001298655 0.00133961 0.00133604 0.001260505 0.00137071 0.00129808 0.001295425 0.001343535 0.001360605 0.00133826 0.001395 0.00132147 0.001291265 0.00131254 0.00134795 0.00137519 0.001192285 0.00136041 0.001346435 0.001263 0.001348295 0.001325585 0.00133133 0.00126199 0.00131801 0.001413025 0.00136437 0.001289255 0.001195085 0.00129686 0.001368875 0.001261225 0.001261785 0.001345205 0.001403965 0.001237145 0.00129532 0.001366475 0.001363585 0.001327025 0.001214495 0.001332385 0.001344295 0.0013387 0.001357645 0.001353575 0.001302525 0.001282115 0.001207735 0.00133206 0.001283615 0.00124468 0.00133954 0.00143165 0.00134274 0.00133526 0.00127632 0.00127893 0.001212715 0.001349 0.00136289 0.00138852 0.001188915 0.00119135 0.001236735 0.001306475 0.00127773 0.001313355 0.001339665 0.00139203 0.001324825 0.001391805 0.001313325 0.001354395 0.001258005
6 0.001317085 0.0013161 0.001317515 0.001335585 0.00144773 0.00137986 0.00144483 0.001359425 0.001399885 0.001349575 0.001264655 0.001411275 0.00141351 0.001380885 0.001431655 0.001337405 0.00132104 0.00129773 0.001407095 0.00139396 0.001339505 0.001463925 0.001148005 0.001438515 0.001407015 0.00133075 0.00137202 0.001360355 0.001429325 0.001401805 0.00139069 0.00145234 0.001329655 0.001394195 0.00137293 0.001433395 0.0013679 0.0013895 0.00140239 0.0014058 0.001330955 0.00132188 0.001369795 0.001358575 0.00129555 0.00142702 0.001398485 0.001356305 0.001445285 0.00133692 0.001391175 0.00138759 0.001362735 0.00139519 0.0012799 0.001406045 0.001337615 0.00133615 0.001313765 0.00136364 0.00138641 0.001385415 0.001349015 0.001322795 0.001317405 0.001397185 0.00143268 0.00116337 0.001334995 0.00131681 0.00129459 0.00131029 0.00139778 0.001423965 0.001383005 0.00143883 0.00136779 0.001396525 0.001333835 0.001405185 0.001222615 0.001357755 0.00140964 0.00138827 0.00140434 0.00140926 0.00140934 0.00134762 0.00133805 0.001501265 0.00129019 0.00135611 0.001358145 0.001408305 0.001402985 0.001350965 0.001211655 0.001273555 0.001375095 0.00133223
7 0.001357235 0.00133442 0.00135227 0.00130121 0.00127437 0.001350295 0.001359425 0.00128503 0.00130188 0.00129055 0.001324665 0.001415005 0.00129486 0.001300065 0.00140726 0.001344695 0.001358305 0.001332675 0.001279095 0.001333525 0.001405905 0.001205435 0.001329275 0.001319655 0.00122199 0.001296725 0.00131115 0.001350485 0.00132987 0.00138807 0.001440465 0.00126616 0.00135488 0.00140005 0.00141013 0.001264975 0.00139574 0.00132622 0.00141718 0.00130328 0.001360515 0.00131522 0.00142287 0.00142157 0.00123919 0.001270045 0.00148957 0.001366935 0.001253785 0.00133043 0.001383805 0.00140932 0.001292485 0.00141732 0.00136151 0.00140032 0.001172905 0.001339575 0.00129052 0.00135385 0.001376955 0.00133978 0.00137723 0.001378455 0.00134997 0.001395345 0.001450455 0.0013563 0.00139839 0.001449765 0.00131641 0.001307245 0.00139834 0.001365625 0.001255935 0.00130398 0.00136742 0.001343905 0.001310155 0.00136874 0.00128875 0.001362775 0.001384365 0.00134168 0.0013548 0.001332595 0.00129445 0.001313425 0.00145225 0.001390475 0.001326755 0.00137155 0.00133121 0.001386075 0.001184755 0.00128679 0.00130975 0.001334125 0.0013138 0.0012344
8 0.00138799 0.0013431 0.001411655 0.001403935 0.00141227 0.001283255 0.001399885 0.00130188 0.00140722 0.00142379 0.0013614 0.00136786 0.001301145 0.001368055 0.00128478 0.00137786 0.00139 0.001360545 0.00131331 0.001366325 0.001434985 0.001302895 0.00131966 0.00134728 0.00126816 0.001398445 0.00136087 0.001404195 0.001370125 0.001389265 0.00138277 0.00139835 0.00141747 0.001491475 0.001350155 0.0013606 0.00141344 0.0013827 0.00114775 0.001388125 0.001416435 0.00136675 0.00119247 0.00140943 0.001332805 0.00141676 0.0014059 0.00138926 0.001314585 0.00140451 0.00144392 0.001455045 0.00128554 0.001375465 0.00138162 0.00137741 0.00123817 0.00134518 0.00136875 0.001440635 0.00133702 0.001248875 0.001442595 0.001421455 0.00141417 0.001346655 0.00133808 0.001401745 0.001250065 0.001365945 0.0012833 0.001292155 0.001272575 0.00126615 0.001259165 0.00136916 0.001386025 0.001337185 0.00134019 0.00132387 0.00137071 0.00133609 0.0013473 0.001340365 0.001377245 0.001461575 0.00140746 0.001387935 0.00135983 0.001382225 0.0014195 0.001374495 0.00133453 0.00138429 0.001361415 0.00129882 0.00142356 0.00131571 0.001402155 0.001310265
9 0.00134555 0.00132023 0.00127752 0.001289665 0.00123698 0.001325855 0.001349575 0.00129055 0.00142379 0.00137931 0.001261815 0.001288535 0.00128847 0.001223725 0.00137626 0.001352635 0.00136595 0.001383465 0.001303895 0.0013515 0.00132166 0.001439095 0.001376685 0.001357755 0.0013728 0.001277665 0.00130444 0.0013684 0.001322445 0.00126585 0.001316345 0.00135999 0.00124445 0.0012569 0.00122193 0.001288955 0.001311785 0.00130304 0.001316555 0.001361335 0.00135495 0.001328775 0.001323835 0.00137249 0.00122555 0.00134617 0.00125343 0.001277805 0.00128248 0.00133842 0.00126582 0.001372175 0.001265 0.00133541 0.001296655 0.001339915 0.001281485 0.00132127 0.001217415 0.001340225 0.0013539 0.00133004 0.001343425 0.0012705 0.00127145 0.001361535 0.001401515 0.001332355 0.001318635 0.00139104 0.001295555 0.00130415 0.001332705 0.001349455 0.001277115 0.001346185 0.0013179 0.00139739 0.001340735 0.001356345 0.001305955 0.0012675 0.00125513 0.001308105 0.00130162 0.00138336 0.001356805 0.00135294 0.00130509 0.001291845 0.001315155 0.00130187 0.00139361 0.00136235 0.001223385 0.00134488 0.001327105 0.001332795 0.001435645 0.0013223
10 0.00144212 0.001321555 0.001360085 0.001300585 0.001375085 0.001274285 0.001264655 0.001324665 0.0013614 0.001261815 0.00134003 0.00126169 0.00131694 0.00132957 0.00136675 0.001393925 0.00134965 0.001350575 0.001383755 0.00135556 0.001326265 0.001452685 0.00138114 0.00139529 0.001377635 0.001381945 0.00135188 0.001415485 0.001265505 0.00134324 0.0012532 0.00139174 0.00134149 0.00132838 0.001238915 0.001373495 0.00128655 0.00139106 0.001401645 0.00133039 0.00139648 0.00131292 0.00134266 0.001319005 0.001306725 0.001388245 0.001342435 0.00129089 0.00140708 0.001283485 0.00142217 0.00134913 0.00129983 0.00135379 0.001418665 0.001358815 0.00133998 0.0013498 0.00127604 0.001375855 0.00143095 0.00138646 0.001385145 0.001322175 0.00134241 0.00142037 0.001427305 0.001358705 0.00123679 0.001388865 0.00129809 0.00140638 0.001325345 0.00125037 0.00131896 0.00137011 0.001409895 0.001440905 0.00136714 0.001382355 0.001326765 0.00109446 0.00132934 0.001210875 0.00130904 0.00134307 0.001378345 0.001278945 0.00138279 0.001368535 0.001398405 0.001331225 0.00135977 0.00118497 0.001359605 0.00137228 0.0014051 0.00136447 0.00146969 0.001235005
11 0.001339275 0.001343105 0.0013384 0.001316575 0.00133212 0.00132936 0.001411275 0.001415005 0.00136786 0.001288535 0.00126169 0.00140477 0.001222665 0.001304215 0.001351645 0.001354965 0.001314735 0.001293785 0.001377275 0.001357205 0.001257795 0.00143047 0.00129681 0.00138304 0.00137004 0.00139627 0.001262805 0.001420395 0.001278285 0.00132316 0.001309775 0.00139343 0.00130133 0.001184205 0.001275815 0.00142506 0.001014025 0.001260275 0.001369365 0.001255955 0.00139335 0.001369575 0.001324855 0.001347845 0.00126338 0.00133267 0.001301305 0.001276485 0.001366715 0.00135514 0.00133118 0.001319645 0.001329355 0.00138682 0.0013873 0.001329015 0.00131007 0.001267255 0.001387095 0.001445115 0.001369375 0.00132588 0.001351125 0.00134391 0.001372185 0.001400665 0.00136093 0.001348615 0.00132501 0.00137958 0.00137827 0.001259625 0.00138328 0.00133017 0.00128806 0.001385705 0.00127644 0.00137954 0.0013673 0.001349095 0.001334825 0.001286205 0.001206685 0.001251125 0.00136821 0.001356355 0.00140681 0.00137519 0.00135251 0.00132604 0.00138612 0.00135106 0.00136272 0.001347265 0.00143357 0.0013965 0.00136458 0.001390765 0.001417545 0.00125467
12 0.001264995 0.00125496 0.001287495 0.001331055 0.00125571 0.00124516 0.00141351 0.00129486 0.001301145 0.00128847 0.00131694 0.001222665 0.00135747 0.001308995 0.001266665 0.00128476 0.001253825 0.001255145 0.001274185 0.00132282 0.001321935 0.001394535 0.001305265 0.00135533 0.001250305 0.001367815 0.001319535 0.001364965 0.00134458 0.00127458 0.001302725 0.00123978 0.001256255 0.001329395 0.0013512 0.001338465 0.00132598 0.001344735 0.001262245 0.0013142 0.00131295 0.00124268 0.001257815 0.00136004 0.001285055 0.001270325 0.001311005 0.001195775 0.001349395 0.001312205 0.00132455 0.001333905 0.001001245 0.00131972 0.001325995 0.001363525 0.001305425 0.001323365 0.001346265 0.00129749 0.00133241 0.001269295 0.00130278 0.001302295 0.00127841 0.001313505 0.001300045 0.00133148 0.00128714 0.00133139 0.0013189 0.001243705 0.00134805 0.00131936 0.001298245 0.001326765 0.001277805 0.001395 0.001338915 0.00126772 0.00127646 0.001248865 0.00117762 0.00134902 0.001348705 0.001362855 0.001356025 0.001340415 0.00125709 0.0013396 0.001372195 0.0013059 0.001312965 0.001364215 0.001362705 0.001366805 0.0013307 0.0012591 0.001337195 0.00125209
13 0.00129366 0.001291545 0.001358095 0.001250725 0.00125633 0.001374715 0.001380885 0.001300065 0.001368055 0.001223725 0.00132957 0.001304215 0.001308995 0.00133878 0.001202715 0.00124244 0.0012724 0.001363445 0.00141487 0.00130723 0.001298445 0.00130148 0.001306235 0.001331415 0.001289705 0.00119816 0.001250935 0.001296995 0.001361805 0.001321125 0.001342605 0.001323145 0.001285155 0.001322845 0.00134185 0.001295635 0.001347215 0.00124069 0.001323035 0.00130626 0.001306765 0.00126507 0.00133833 0.00136776 0.001217685 0.0012874 0.001328705 0.00127655 0.00126042 0.001309765 0.001341925 0.00135988 0.00117979 0.001221885 0.00125197 0.0012304 0.00128444 0.001379915 0.001283575 0.001314125 0.00131025 0.00135818 0.0013708 0.00127318 0.001238735 0.001380915 0.0013085 0.001367745 0.00128259 0.001294475 0.001276675 0.00132251 0.001265705 0.00129391 0.00116124 0.00133232 0.001304115 0.00136437 0.001384345 0.00130981 0.001312945 0.00133562 0.001170375 0.00112187 0.001315185 0.00135824 0.001369085 0.001334455 0.00127078 0.001290985 0.00133664 0.001227935 0.00125042 0.00144324 0.001369715 0.00134587 0.001360005 0.001395985 0.00136734 0.00130713
14 0.001343065 0.001327855 0.001369615 0.001422015 0.001326255 0.00128357 0.001431655 0.00140726 0.00128478 0.00137626 0.00136675 0.001351645 0.001266665 0.001202715 0.0013065 0.00133313 0.0013308 0.001383255 0.001361515 0.00135068 0.00134067 0.001349 0.00128513 0.00141948 0.00138347 0.001258005 0.001275825 0.001345895 0.001376105 0.001391025 0.001376775 0.0013652 0.00143401 0.00134883 0.001373115 0.001310915 0.001380565 0.00128501 0.00136793 0.00123169 0.00132956 0.001319225 0.00128657 0.00137963 0.00123458 0.00126918 0.001403075 0.00130372 0.00132787 0.00137386 0.001382955 0.00132785 0.00123607 0.0012294 0.00123097 0.00097828 0.00128304 0.001368425 0.001299625 0.00132452 0.00124019 0.0013482 0.001374735 0.00135037 0.00126578 0.001421435 0.001289445 0.00141192 0.00138291 0.00126876 0.001257355 0.00139736 0.00123925 0.00124571 0.00126761 0.00135111 0.00137435 0.001390685 0.001401765 0.00132508 0.001337755 0.001247985 0.00131827 0.001208345 0.00134353 0.00142052 0.00142185 0.001437105 0.00133581 0.00142511 0.001392965 0.001358875 0.001340115 0.00140758 0.0014351 0.001304175 0.001398905 0.00134862 0.00135965 0.00124155
15 0.00128391 0.001317955 0.001330525 0.00120128 0.001261555 0.001289245 0.001337405 0.001344695 0.00137786 0.001352635 0.001393925 0.001354965 0.00128476 0.00124244 0.00133313 0.00133834 0.00121057 0.00115086 0.001298875 0.001266715 0.00140621 0.00139718 0.001360335 0.001327205 0.001353355 0.0013523 0.00134958 0.00133891 0.001347305 0.00136182 0.001242255 0.001343845 0.001349285 0.001299875 0.00131281 0.00133188 0.00137548 0.00126431 0.001287725 0.001343235 0.00128769 0.00120227 0.001298605 0.00116924 0.001309885 0.001276315 0.001343605 0.001321115 0.001265755 0.00119181 0.00134462 0.001296915 0.00133957 0.00134601 0.00129579 0.001270965 0.00132525 0.001298895 0.00134382 0.00125463 0.001320315 0.00125922 0.00128302 0.001334465 0.00121334 0.001332965 0.00111279 0.00131013 0.001261015 0.00130002 0.001312545 0.001306575 0.001369925 0.00137808 0.001395495 0.001332165 0.00125997 0.001421125 0.00143465 0.00127357 0.001332795 0.00140034 0.00121064 0.00128581 0.00135685 0.00134861 0.00140536 0.001419695 0.001175185 0.001351015 0.0012788 0.00122427 0.0010032 0.001350545 0.001397355 0.001364855 0.001306 0.00136358 0.00130696 0.001264215
16 0.00135325 0.001332645 0.001291625 0.00127465 0.00129767 0.00133532 0.00132104 0.001358305 0.00139 0.00136595 0.00134965 0.001314735 0.001253825 0.0012724 0.0013308 0.00121057 0.00146249 0.001248795 0.00131119 0.00128925 0.001400395 0.00135097 0.001338325 0.001358545 0.001343105 0.00136524 0.00129175 0.001304505 0.00141823 0.001340075 0.001366075 0.00139976 0.001319175 0.001310745 0.00133866 0.001327465 0.001346915 0.00128508 0.001312365 0.0011798 0.001265965 0.001187315 0.001314775 0.00131438 0.001343375 0.001215335 0.001385785 0.001306425 0.001343875 0.00132587 0.001368565 0.001355255 0.00136448 0.001344565 0.00130685 0.00134691 0.00132625 0.00134295 0.00134782 0.00119711 0.00127984 0.001219585 0.0012669 0.001313085 0.00110594 0.00129077 0.0012275 0.001314895 0.001279745 0.001238765 0.00127767 0.001343205 0.001375095 0.0013532 0.001338075 0.00133844 0.00127526 0.001347135 0.00139169 0.001299515 0.0013788 0.001300315 0.00128045 0.00133684 0.001308305 0.001263505 0.00136052 0.001423245 0.001250045 0.001488505 0.00132202 0.001326635 0.00127689 0.00130871 0.001421585 0.001333555 0.00132123 0.001338275 0.00133186 0.00134939
17 0.001317355 0.00128916 0.0012305 0.00118692 0.001335235 0.00123982 0.00129773 0.001332675 0.001360545 0.001383465 0.001350575 0.001293785 0.001255145 0.001363445 0.001383255 0.00115086 0.001248795 0.00135557 0.001271775 0.001242895 0.00138698 0.00135183 0.00133816 0.00136402 0.00138559 0.001351875 0.001336845 0.001279435 0.00133042 0.00132177 0.001178435 0.0012508 0.0013968 0.00132646 0.001296055 0.001302765 0.001283785 0.00132587 0.001355715 0.001344595 0.00126641 0.00119685 0.001233135 0.001230715 0.001292235 0.001373265 0.001374695 0.0011895 0.001305125 0.00125106 0.00133227 0.001260285 0.00128078 0.001325335 0.001247285 0.00129504 0.001339425 0.001293725 0.00134413 0.001335525 0.001358605 0.001292795 0.001311545 0.00131894 0.001265105 0.0012735 0.0013134 0.0013177 0.00129668 0.00129878 0.00132948 0.001250345 0.00139788 0.001257735 0.001373195 0.00129607 0.00124191 0.00144967 0.001398025 0.00134239 0.001251035 0.00122539 0.0012931 0.00136466 0.00138384 0.001367395 0.001379815 0.001273495 0.00109819 0.00144709 0.00129344 0.00124028 0.00120868 0.00136581 0.001387395 0.001333145 0.00130947 0.00127027 0.001275425 0.0012552
18 0.001389085 0.00135676 0.00128426 0.00134649 0.00136246 0.00123635 0.001407095 0.001279095 0.00131331 0.001303895 0.001383755 0.001377275 0.001274185 0.00141487 0.001361515 0.001298875 0.00131119 0.001271775 0.00131859 0.001308605 0.001407915 0.001332855 0.001443865 0.00129961 0.001364965 0.001205985 0.001305515 0.001371515 0.001345025 0.001395055 0.00140155 0.001281855 0.001328325 0.00143126 0.001389825 0.001370605 0.001338295 0.001393885 0.00134111 0.001374145 0.00137288 0.001327345 0.001336935 0.00136193 0.001332595 0.001290355 0.001315305 0.001384305 0.0013022 0.001374695 0.001353835 0.00139522 0.00125811 0.00127659 0.00129364 0.001359395 0.00129449 0.001332105 0.001381415 0.00136131 0.0013572 0.001291745 0.001340005 0.00134295 0.00126273 0.001253725 0.00129654 0.001418695 0.0013187 0.00131748 0.00140954 0.00136097 0.001379705 0.00124437 0.001252365 0.0013695 0.001305565 0.00130072 0.00140996 0.001313235 0.00132745 0.001341495 0.0013413 0.001309915 0.00139036 0.00138044 0.00141139 0.00133667 0.001241865 0.001350485 0.00132917 0.00128757 0.00132586 0.00102961 0.00130927 0.00134583 0.00139752 0.001308495 0.001357285 0.001335985
19 0.001395325 0.001373015 0.001308555 0.001241935 0.001302995 0.001278985 0.00139396 0.001333525 0.001366325 0.0013515 0.00135556 0.001357205 0.00132282 0.00130723 0.00135068 0.001266715 0.00128925 0.001242895 0.001308605 0.00146631 0.001375435 0.001130105 0.00138307 0.00128813 0.00136675 0.00130089 0.001282305 0.001255525 0.00131393 0.00138842 0.00140569 0.00137251 0.0013762 0.00137358 0.00134909 0.001218895 0.00131435 0.001366025 0.00130809 0.0012997 0.001383655 0.00129704 0.001351255 0.00128451 0.001319495 0.001353295 0.001337245 0.001306725 0.00110312 0.00140127 0.001318315 0.001344095 0.001352205 0.00137189 0.0012948 0.00133027 0.00136245 0.00133337 0.00138628 0.00128347 0.001381835 0.0013154 0.001397715 0.0013681 0.00127611 0.00135907 0.00134298 0.00138893 0.001300745 0.00133276 0.001294705 0.00136165 0.00135338 0.00133274 0.00131757 0.000997905 0.001276255 0.0012665 0.00141453 0.001366255 0.00133372 0.001389145 0.0013689 0.001338805 0.00138479 0.00121802 0.001339405 0.00134164 0.001271325 0.00132688 0.00126079 0.00119498 0.001345455 0.00137524 0.001346875 0.00130251 0.001337375 0.001333545 0.001349095 0.001327265
20 0.001320355 0.00128028 0.001346105 0.001308085 0.00133689 0.00139601 0.001339505 0.001405905 0.001434985 0.00132166 0.001326265 0.001257795 0.001321935 0.001298445 0.00134067 0.00140621 0.001400395 0.00138698 0.001407915 0.001375435 0.00141957 0.00144088 0.001121435 0.001452135 0.00132585 0.001354595 0.00131176 0.00143906 0.001348465 0.00118326 0.001381315 0.0013587 0.001310175 0.00130674 0.001404385 0.001402785 0.00130932 0.00127481 0.001440635 0.00115445 0.00136365 0.00136784 0.001286045 0.00134899 0.001296495 0.001404815 0.00131108 0.0012957 0.001378585 0.001279825 0.00131261 0.001329115 0.00129952 0.00127943 0.001368755 0.001291305 0.00135615 0.001234595 0.001284945 0.001333945 0.001344915 0.00136725 0.00138275 0.001269995 0.00133605 0.001399205 0.001249935 0.00139176 0.00131847 0.001387085 0.001353465 0.001364305 0.001375315 0.001359925 0.001333175 0.001363525 0.00131898 0.001396245 0.001377985 0.001359195 0.00134925 0.001310995 0.00127719 0.00128157 0.001337585 0.001378405 0.00122719 0.00132213 0.001393765 0.00139151 0.00136739 0.001281815 0.001386665 0.001384615 0.00137981 0.00143209 0.00126049 0.001350645 0.00141839 0.001256685
21 0.001514065 0.001418955 0.00142215 0.00139056 0.00136097 0.00140571 0.001463925 0.001205435 0.001302895 0.001439095 0.001452685 0.00143047 0.001394535 0.00130148 0.001349 0.00139718 0.00135097 0.00135183 0.001332855 0.001130105 0.00144088 0.00116628 0.00145619 0.001297425 0.00135174 0.001329805 0.00121183 0.00126589 0.001395525 0.0014151 0.001474615 0.00145564 0.00144129 0.001462095 0.00148474 0.00115291 0.0014533 0.00136367 0.00134284 0.00136345 0.00143406 0.001407415 0.001366395 0.001376175 0.001415785 0.00137622 0.001437235 0.001432505 0.0011717 0.001511615 0.001365645 0.001412395 0.001378185 0.00145079 0.00126406 0.001352805 0.00141819 0.001374 0.001411895 0.001331555 0.001458655 0.001438695 0.001458455 0.00145956 0.001392705 0.00141019 0.00138282 0.001532145 0.001422555 0.001234295 0.001357225 0.001454535 0.00133006 0.00133929 0.00125903 0.00120277 0.0013762 0.001177205 0.00125651 0.00142893 0.00143318 0.001402665 0.00146248 0.00143532 0.001427345 0.001298925 0.001339815 0.001423835 0.001371095 0.00133963 0.00121289 0.00129373 0.001430065 0.001439605 0.00113556 0.001157735 0.00139152 0.001443895 0.001361075 0.00139753
22 0.001189275 0.001236395 0.001276125 0.00128195 0.001333235 0.00140005 0.001148005 0.001329275 0.00131966 0.001376685 0.00138114 0.00129681 0.001305265 0.001306235 0.00128513 0.001360335 0.001338325 0.00133816 0.001443865 0.00138307 0.001121435 0.00145619 0.00130969 0.001413435 0.00128165 0.001341085 0.001349685 0.001412715 0.001424685 0.00136779 0.001373105 0.001389905 0.00128787 0.001361365 0.001411095 0.001419865 0.001362265 0.001311315 0.001332015 0.00105992 0.001287145 0.001293275 0.001280615 0.00141315 0.001222635 0.00135302 0.00144133 0.001297385 0.00140471 0.001302015 0.001344825 0.001366675 0.00133132 0.001364045 0.00132593 0.00133471 0.0012716 0.001324475 0.00130491 0.00136316 0.00131792 0.001265885 0.001325935 0.00136247 0.001366425 0.00138291 0.00125724 0.001280425 0.00128624 0.001369925 0.001251875 0.00122881 0.00139556 0.00138669 0.00136591 0.00135989 0.001319105 0.00131709 0.001312305 0.0013659 0.001203895 0.001282365 0.001304805 0.00129267 0.001401355 0.001333215 0.001319315 0.00143759 0.00138022 0.00150624 0.00136417 0.00135025 0.001335315 0.001431655 0.00147143 0.00140142 0.00130692 0.001223595 0.001314995 0.00125146
23 0.001398255 0.00134687 0.00140889 0.00133417 0.001418485 0.00138508 0.001438515 0.001319655 0.00134728 0.001357755 0.00139529 0.00138304 0.00135533 0.001331415 0.00141948 0.001327205 0.001358545 0.00136402 0.00129961 0.00128813 0.001452135 0.001297425 0.001413435 0.00121281 0.00137345 0.001351865 0.00134685 0.00142115 0.00141989 0.00147128 0.00146435 0.001411405 0.001367155 0.001378125 0.001394805 0.001411595 0.00137846 0.001369365 0.00144348 0.00124916 0.00149537 0.001349835 0.001426585 0.00140044 0.001324055 0.00137809 0.00142419 0.00140003 0.00132706 0.00134937 0.00141226 0.001222575 0.001374945 0.001421885 0.001348555 0.001427435 0.0013601 0.001392735 0.001082505 0.001441705 0.001426335 0.001389255 0.001455155 0.00141755 0.00137859 0.00132499 0.001421325 0.001414535 0.00138627 0.001349175 0.001428655 0.001439095 0.00143247 0.001381565 0.00134452 0.001373115 0.001395375 0.001363915 0.001294245 0.001334745 0.001400945 0.001449135 0.001300765 0.00131836 0.00147688 0.001444025 0.001404855 0.00145104 0.001403285 0.001499505 0.001374415 0.00139446 0.00134058 0.00139172 0.00133922 0.00130105 0.001367815 0.001452845 0.001430085 0.00139835
24 0.00131315 0.001235505 0.00132279 0.00136755 0.001251815 0.001443585 0.001407015 0.00122199 0.00126816 0.0013728 0.001377635 0.00137004 0.001250305 0.001289705 0.00138347 0.001353355 0.001343105 0.00138559 0.001364965 0.00136675 0.00132585 0.00135174 0.00128165 0.00137345 0.00123073 0.00133195 0.001355695 0.00144531 0.001380525 0.001350575 0.00141838 0.001367325 0.00095199 0.00133723 0.001384295 0.001355415 0.00139075 0.001328065 0.001376905 0.001323715 0.00124078 0.00136307 0.0012235 0.001386795 0.001277005 0.001316955 0.001379165 0.00125144 0.001393545 0.0013247 0.00137934 0.001412375 0.00129992 0.00133963 0.001358155 0.001396065 0.00128699 0.00130631 0.001308935 0.00130557 0.001430755 0.00117943 0.0013077 0.001330995 0.00133631 0.001416345 0.00133557 0.00133366 0.00118586 0.00141373 0.00132287 0.00128181 0.001379615 0.001425695 0.00129134 0.001380795 0.001367055 0.001332435 0.00138075 0.00122435 0.00137731 0.00137413 0.001357105 0.00140371 0.00138412 0.001327805 0.001287085 0.001369145 0.001443155 0.001390685 0.001356105 0.001341895 0.001366365 0.001404305 0.00136678 0.001341525 0.001279845 0.001390645 0.00132826 0.00123512
25 0.0013576 0.00134611 0.00126848 0.001311535 0.001372565 0.001298655 0.00133075 0.001296725 0.001398445 0.001277665 0.001381945 0.00139627 0.001367815 0.00119816 0.001258005 0.0013523 0.00136524 0.001351875 0.001205985 0.00130089 0.001354595 0.001329805 0.001341085 0.001351865 0.00133195 0.00137239 0.001338655 0.001366085 0.001365215 0.001308055 0.001380635 0.00139888 0.00127488 0.001400895 0.001353065 0.00138814 0.001430395 0.001327045 0.001424725 0.001373175 0.00134666 0.001360785 0.001373585 0.001359 0.00129652 0.00136193 0.001322305 0.00135075 0.00132486 0.00131489 0.00139921 0.001395715 0.00112342 0.001265215 0.00125941 0.00126548 0.00133074 0.00132301 0.00133623 0.001340585 0.001340805 0.00134744 0.00141048 0.00129065 0.001255495 0.001353425 0.001381435 0.00141261 0.00135182 0.00125007 0.00131473 0.001323335 0.00137019 0.00129173 0.00102617 0.001327935 0.001396645 0.00136397 0.00139858 0.001320155 0.00127418 0.001341725 0.001369295 0.001289785 0.001356515 0.001357415 0.00137847 0.00132744 0.00136059 0.00136688 0.00133886 0.00131204 0.001368645 0.00131987 0.001360155 0.001333985 0.001325065 0.0012616 0.00137091 0.001290075
26 0.001428445 0.0013068 0.00135554 0.00134766 0.00139368 0.00133961 0.00137202 0.00131115 0.00136087 0.00130444 0.00135188 0.001262805 0.001319535 0.001250935 0.001275825 0.00134958 0.00129175 0.001336845 0.001305515 0.001282305 0.00131176 0.00121183 0.001349685 0.00134685 0.001355695 0.001338655 0.00147154 0.001409765 0.00124479 0.00133907 0.001410785 0.00141607 0.00133675 0.00123372 0.00134325 0.001351555 0.00126926 0.00122765 0.001384015 0.00131077 0.001394755 0.00137841 0.00139645 0.001378575 0.001035445 0.00132444 0.00134827 0.00131471 0.001304835 0.001402655 0.00127695 0.001305875 0.001316395 0.001341995 0.001306935 0.001189235 0.00132066 0.001323895 0.001359355 0.00140666 0.001304585 0.0013869 0.001304675 0.00129839 0.001270175 0.001362095 0.001374325 0.00141032 0.00136377 0.00128665 0.00130811 0.001342365 0.001344265 0.00134751 0.00125891 0.001321455 0.00139133 0.001247435 0.00126283 0.00137732 0.0011868 0.001335875 0.001286325 0.001266955 0.001320195 0.00130748 0.00134672 0.00135865 0.001337745 0.001339875 0.001296475 0.001310035 0.0013801 0.00135477 0.001260835 0.001257735 0.00136185 0.001366465 0.00138173 0.001335495
27 0.00134709 0.00131902 0.00136569 0.001330015 0.00130609 0.00133604 0.001360355 0.001350485 0.001404195 0.0013684 0.001415485 0.001420395 0.001364965 0.001296995 0.001345895 0.00133891 0.001304505 0.001279435 0.001371515 0.001255525 0.00143906 0.00126589 0.001412715 0.00142115 0.00144531 0.001366085 0.001409765 0.00140365 0.001383055 0.001330845 0.001338365 0.0013883 0.001497825 0.001482 0.001368975 0.001238815 0.00145355 0.0014255 0.00133795 0.00138777 0.00131844 0.001248375 0.00139622 0.00132341 0.001464585 0.001400435 0.001443025 0.00141423 0.0013246 0.001409355 0.001360055 0.00146653 0.001398415 0.001372175 0.001326795 0.001417415 0.00146756 0.001416645 0.001369595 0.00126475 0.00141017 0.00137608 0.00135998 0.001418025 0.00136233 0.00143029 0.001413745 0.00144385 0.001442035 0.001421485 0.001397885 0.00142865 0.001331105 0.001311265 0.00139191 0.00129981 0.001297565 0.001365965 0.001455675 0.001378865 0.00138222 0.001344745 0.00144078 0.00136366 0.00138126 0.00131448 0.001373685 0.001414785 0.001314895 0.001356625 0.00134696 0.00129992 0.00136673 0.00143346 0.00139598 0.001367 0.00127666 0.00139283 0.001265855 0.00136988
28 0.00139901 0.00138191 0.001368765 0.00129428 0.00129108 0.001260505 0.001429325 0.00132987 0.001370125 0.001322445 0.001265505 0.001278285 0.00134458 0.001361805 0.001376105 0.001347305 0.00141823 0.00133042 0.001345025 0.00131393 0.001348465 0.001395525 0.001424685 0.00141989 0.001380525 0.001365215 0.00124479 0.001383055 0.00138537 0.00138329 0.00131104 0.00139217 0.00138285 0.00125812 0.001305595 0.001407355 0.00122612 0.00136379 0.001338155 0.00135261 0.001405475 0.001382815 0.001420425 0.00131733 0.00125696 0.00142568 0.00132642 0.00132273 0.001345245 0.00136317 0.00131092 0.001296625 0.001336095 0.00139766 0.001382325 0.0012728 0.00133149 0.00136979 0.001447765 0.00133808 0.00137547 0.001344985 0.001352895 0.001335855 0.001365915 0.001474285 0.001414335 0.00132981 0.001391185 0.001422445 0.001273335 0.00140684 0.001343625 0.001351 0.00127863 0.0013512 0.00138985 0.00135609 0.00141865 0.001436895 0.00136533 0.0013708 0.001298165 0.001275415 0.001388205 0.001285335 0.001412505 0.00137569 0.00140454 0.00113857 0.001339175 0.001326655 0.001402935 0.001295175 0.00138538 0.001379705 0.00142631 0.001494975 0.00133435 0.001273535
29 0.001312395 0.001265785 0.00131825 0.001296645 0.001267855 0.00137071 0.001401805 0.00138807 0.001389265 0.00126585 0.00134324 0.00132316 0.00127458 0.001321125 0.001391025 0.00136182 0.001340075 0.00132177 0.001395055 0.00138842 0.00118326 0.0014151 0.00136779 0.00147128 0.001350575 0.001308055 0.00133907 0.001330845 0.00138329 0.00129253 0.001324285 0.001366985 0.001264655 0.00132135 0.001308165 0.00126714 0.001397325 0.001284265 0.001366645 0.001391125 0.00133564 0.0012827 0.001258145 0.00127667 0.001277385 0.00136201 0.001279505 0.00125635 0.001375015 0.00127169 0.001328785 0.00142436 0.00126395 0.00134504 0.00140594 0.00140679 0.001390965 0.00126236 0.001334625 0.001368155 0.00125075 0.001353125 0.001334905 0.001177715 0.00136063 0.001462135 0.00132923 0.00138934 0.001267715 0.001373855 0.00136236 0.00135733 0.001363905 0.00132354 0.001290355 0.001349975 0.0013487 0.00148451 0.00137267 0.001266545 0.001237495 0.001203515 0.001256945 0.001395195 0.001238435 0.00139174 0.00121301 0.001327075 0.001348915 0.00135654 0.001314165 0.001278275 0.00138368 0.00143718 0.00132951 0.001344815 0.00123912 0.00129034 0.00142288 0.001321145
30 0.00131014 0.001268265 0.00130155 0.001247605 0.00136457 0.00129808 0.00139069 0.001440465 0.00138277 0.001316345 0.0012532 0.001309775 0.001302725 0.001342605 0.001376775 0.001242255 0.001366075 0.001178435 0.00140155 0.00140569 0.001381315 0.001474615 0.001373105 0.00146435 0.00141838 0.001380635 0.001410785 0.001338365 0.00131104 0.001324285 0.00137406 0.00135966 0.001415455 0.00128969 0.001202725 0.001406405 0.00137955 0.00136902 0.001345805 0.001353125 0.00133199 0.00124343 0.00128557 0.00126809 0.001362095 0.00135018 0.001256245 0.001253465 0.001357755 0.001172995 0.00134196 0.001277955 0.001297625 0.001285915 0.00133989 0.001308415 0.001421985 0.00133368 0.001368965 0.00139199 0.00142719 0.001322955 0.00139039 0.00132975 0.001347895 0.00141875 0.001388675 0.001359885 0.001205425 0.00138502 0.00138759 0.001230135 0.001280375 0.00128001 0.0013887 0.00143612 0.00133031 0.001468335 0.001454235 0.001422 0.00136534 0.001184375 0.00129893 0.00136587 0.001299135 0.00138781 0.001398315 0.001367885 0.001168325 0.001382925 0.00129142 0.00131846 0.00115662 0.0013532 0.001478795 0.00145676 0.001398495 0.001369775 0.001371035 0.001234795
31 0.001380745 0.00135725 0.001324285 0.00132579 0.00132213 0.001295425 0.00145234 0.00126616 0.00139835 0.00135999 0.00139174 0.00139343 0.00123978 0.001323145 0.0013652 0.001343845 0.00139976 0.0012508 0.001281855 0.00137251 0.0013587 0.00145564 0.001389905 0.001411405 0.001367325 0.00139888 0.00141607 0.0013883 0.00139217 0.001366985 0.00135966 0.00131735 0.00141771 0.00136216 0.001381245 0.00137032 0.001324745 0.001371945 0.00134605 0.001361585 0.00136717 0.001310005 0.001358155 0.001381055 0.001321235 0.001330625 0.00139805 0.00127923 0.001295275 0.00138639 0.001405795 0.001329525 0.001286375 0.001412855 0.0013137 0.001384225 0.0013435 0.00137115 0.001329665 0.001385095 0.00138133 0.00131056 0.001372955 0.001400295 0.001306215 0.001320375 0.001406595 0.00135826 0.00135817 0.00144847 0.001323085 0.001344605 0.001327635 0.00132354 0.001445165 0.001325045 0.001292215 0.00135669 0.001419605 0.001406985 0.001276725 0.001371575 0.0012921 0.001366015 0.00144049 0.00136687 0.00137825 0.001240435 0.00124379 0.001432055 0.00144345 0.00133957 0.001321055 0.00141367 0.00143245 0.001370855 0.00142576 0.001350595 0.0014149 0.00123526
32 0.001222525 0.001231405 0.001261645 0.001380985 0.00133726 0.001343535 0.001329655 0.00135488 0.00141747 0.00124445 0.00134149 0.00130133 0.001256255 0.001285155 0.00143401 0.001349285 0.001319175 0.0013968 0.001328325 0.0013762 0.001310175 0.00144129 0.00128787 0.001367155 0.00095199 0.00127488 0.00133675 0.001497825 0.00138285 0.001264655 0.001415455 0.00141771 0.0011587 0.00112712 0.001358545 0.00136949 0.001351275 0.00126459 0.001378535 0.001348995 0.001326625 0.001343715 0.001306535 0.001416105 0.00125655 0.001324545 0.001095015 0.001159955 0.001401135 0.001370185 0.001308055 0.001383325 0.00128449 0.00124802 0.00135204 0.00136515 0.00130972 0.001312445 0.00125835 0.001332115 0.001379535 0.00124297 0.00133311 0.001279385 0.00132964 0.001341795 0.00134275 0.001279505 0.00125264 0.00129913 0.0013433 0.00132328 0.00142032 0.001379965 0.00126441 0.00140665 0.00135507 0.00131922 0.001388695 0.00121506 0.00131045 0.00133309 0.00122388 0.001347055 0.001367095 0.001398415 0.001283195 0.00127584 0.001370455 0.001311885 0.00136929 0.00132965 0.00137693 0.00133378 0.00137962 0.001383375 0.00121679 0.001334855 0.001395465 0.00134715
33 0.00140122 0.001344845 0.0012438 0.00132619 0.00139689 0.001360605 0.001394195 0.00140005 0.001491475 0.0012569 0.00132838 0.001184205 0.001329395 0.001322845 0.00134883 0.001299875 0.001310745 0.00132646 0.00143126 0.00137358 0.00130674 0.001462095 0.001361365 0.001378125 0.00133723 0.001400895 0.00123372 0.001482 0.00125812 0.00132135 0.00128969 0.00136216 0.00112712 0.00110277 0.0013377 0.00135656 0.001289265 0.00112435 0.001370265 0.001268965 0.00137321 0.00137976 0.001328605 0.00131125 0.001203715 0.00132442 0.00105044 0.001217035 0.00131205 0.00135686 0.00116622 0.00118498 0.00136035 0.001399095 0.001307835 0.001175355 0.00137516 0.00127063 0.001322055 0.001323175 0.00134039 0.00125619 0.001372495 0.001284195 0.001302045 0.00137046 0.001304 0.00133553 0.001343335 0.001384815 0.001361695 0.001298525 0.0014275 0.001273445 0.00138253 0.00131348 0.00129937 0.001437675 0.001366995 0.001328595 0.00126562 0.00134137 0.001222765 0.0012796 0.001282875 0.00132263 0.001348385 0.00130056 0.00122531 0.00137838 0.00134538 0.001297975 0.00130379 0.00137623 0.00136049 0.00140922 0.001345725 0.00133064 0.001439445 0.00133444
