run_name,sample_name,total_reads_processed,reads_that_were_too_short,total_reads_written_to_final_fastq
bioprj_PRJNA473221_Bombus-bifarius,SRR7222059.fq.gz,971869,19909,951960
bioprj_PRJNA473221_Bombus-bifarius,SRR7222070.fq.gz,1234609,17714,1216895
bioprj_PRJNA473221_Bombus-bifarius,SRR7222073.fq.gz,1952500,15720,1936780
bioprj_PRJNA473221_Bombus-bifarius,SRR7222074.fq.gz,1343603,9210,1334393
bioprj_PRJNA473221_Bombus-bifarius,SRR7222076.fq.gz,1873541,11008,1862533
bioprj_PRJNA473221_Bombus-bifarius,SRR7222077.fq.gz,1480102,9472,1470630
bioprj_PRJNA473221_Bombus-bifarius,SRR7222078.fq.gz,1453369,8957,1444412
bioprj_PRJNA473221_Bombus-bifarius,SRR7222079.fq.gz,1544532,10227,1534305
bioprj_PRJNA473221_Bombus-bifarius,SRR7222080.fq.gz,1377161,9691,1367470
bioprj_PRJNA473221_Bombus-bifarius,SRR7222081.fq.gz,1544794,9953,1534841
bioprj_PRJNA473221_Bombus-bifarius,SRR7222082.fq.gz,1663623,12019,1651604
bioprj_PRJNA473221_Bombus-bifarius,SRR7222083.fq.gz,1776154,24849,1751305
bioprj_PRJNA473221_Bombus-bifarius,SRR7222084.fq.gz,1472690,37731,1434959
bioprj_PRJNA473221_Bombus-bifarius,SRR7222085.fq.gz,1184855,45020,1139835
bioprj_PRJNA473221_Bombus-bifarius,SRR7222088.fq.gz,1207332,40321,1167011
bioprj_PRJNA473221_Bombus-bifarius,SRR7222089.fq.gz,1505983,119959,1386024
bioprj_PRJNA473221_Bombus-bifarius,SRR7222090.fq.gz,1552363,20351,1532012
bioprj_PRJNA473221_Bombus-bifarius,SRR7222091.fq.gz,1307426,62728,1244698
bioprj_PRJNA473221_Bombus-bifarius,SRR7222103.fq.gz,1504948,7405,1497543
bioprj_PRJNA473221_Bombus-bifarius,SRR7222104.fq.gz,1728761,7801,1720960
bioprj_PRJNA473221_Bombus-bifarius,SRR7222105.fq.gz,1410219,7112,1403107
bioprj_PRJNA473221_Bombus-bifarius,SRR7222106.fq.gz,1240829,6842,1233987
bioprj_PRJNA473221_Bombus-bifarius,SRR7222107.fq.gz,1533652,8163,1525489
bioprj_PRJNA473221_Bombus-bifarius,SRR7222108.fq.gz,1864253,74632,1789621
bioprj_PRJNA473221_Bombus-bifarius,SRR7222109.fq.gz,1697721,9641,1688080
bioprj_PRJNA473221_Bombus-bifarius,SRR7222110.fq.gz,1365158,6141,1359017
bioprj_PRJNA473221_Bombus-bifarius,SRR7222111.fq.gz,1913688,17279,1896409
bioprj_PRJNA473221_Bombus-bifarius,SRR7222112.fq.gz,1920787,15373,1905414
bioprj_PRJNA473221_Bombus-bifarius,SRR7222113.fq.gz,1145014,16854,1128160
bioprj_PRJNA473221_Bombus-bifarius,SRR7222114.fq.gz,1697144,104819,1592325
bioprj_PRJNA473221_Bombus-bifarius,SRR7222115.fq.gz,1289065,11263,1277802
bioprj_PRJNA473221_Bombus-bifarius,SRR7222116.fq.gz,1133020,12287,1120733
bioprj_PRJNA473221_Bombus-bifarius,SRR7222117.fq.gz,1191432,6742,1184690
bioprj_PRJNA473221_Bombus-bifarius,SRR7222118.fq.gz,1166345,11554,1154791
bioprj_PRJNA473221_Bombus-bifarius,SRR7222119.fq.gz,1554432,25986,1528446
bioprj_PRJNA473221_Bombus-bifarius,SRR7222120.fq.gz,947024,15837,931187
bioprj_PRJNA473221_Bombus-bifarius,SRR7222127.fq.gz,1110990,19678,1091312
bioprj_PRJNA473221_Bombus-bifarius,SRR7222128.fq.gz,1137668,20489,1117179
bioprj_PRJNA473221_Bombus-bifarius,SRR7222129.fq.gz,1232183,30127,1202056
bioprj_PRJNA473221_Bombus-bifarius,SRR7222130.fq.gz,1584102,31554,1552548
bioprj_PRJNA473221_Bombus-bifarius,SRR7222131.fq.gz,1370467,45234,1325233
bioprj_PRJNA473221_Bombus-bifarius,SRR7222132.fq.gz,1639979,57493,1582486
bioprj_PRJNA473221_Bombus-bifarius,SRR7222133.fq.gz,1338230,34626,1303604
bioprj_PRJNA473221_Bombus-bifarius,SRR7222134.fq.gz,1366858,25319,1341539
bioprj_PRJNA473221_Bombus-bifarius,SRR7222137.fq.gz,1822901,15959,1806942
bioprj_PRJNA473221_Bombus-bifarius,SRR7222138.fq.gz,1536989,8795,1528194
bioprj_PRJNA473221_Bombus-bifarius,SRR7222139.fq.gz,1861234,15111,1846123
bioprj_PRJNA473221_Bombus-bifarius,SRR7222140.fq.gz,1735306,10750,1724556
bioprj_PRJNA473221_Bombus-bifarius,SRR7222141.fq.gz,1290072,8703,1281369
bioprj_PRJNA473221_Bombus-bifarius,SRR7222142.fq.gz,1523253,11697,1511556
bioprj_PRJNA473221_Bombus-bifarius,SRR7222143.fq.gz,1646493,12704,1633789
bioprj_PRJNA473221_Bombus-bifarius,SRR7222144.fq.gz,1889661,14352,1875309
bioprj_PRJNA473221_Bombus-bifarius,SRR7222145.fq.gz,1659647,11632,1648015
bioprj_PRJNA473221_Bombus-bifarius,SRR7222146.fq.gz,1583610,11271,1572339
bioprj_PRJNA473221_Bombus-bifarius,SRR7222161.fq.gz,1528297,11725,1516572
bioprj_PRJNA473221_Bombus-bifarius,SRR7222167.fq.gz,1125710,15645,1110065
bioprj_PRJNA473221_Bombus-bifarius,SRR7222169.fq.gz,1180807,33503,1147304
bioprj_PRJNA473221_Bombus-bifarius,SRR7222170.fq.gz,1116381,50338,1066043
bioprj_PRJNA473221_Bombus-bifarius,SRR7222171.fq.gz,1107511,20678,1086833
bioprj_PRJNA473221_Bombus-bifarius,SRR7222172.fq.gz,1022193,18659,1003534
bioprj_PRJNA473221_Bombus-bifarius,SRR7222173.fq.gz,950214,16224,933990
bioprj_PRJNA473221_Bombus-bifarius,SRR7222174.fq.gz,1133202,33775,1099427
bioprj_PRJNA473221_Bombus-bifarius,SRR7222176.fq.gz,1116757,19905,1096852
bioprj_PRJNA473221_Bombus-bifarius,SRR7222177.fq.gz,1515857,12889,1502968
bioprj_PRJNA473221_Bombus-bifarius,SRR7222178.fq.gz,1496180,10058,1486122
bioprj_PRJNA473221_Bombus-bifarius,SRR7222179.fq.gz,1125885,5752,1120133
bioprj_PRJNA473221_Bombus-bifarius,SRR7222180.fq.gz,1651871,12061,1639810
bioprj_PRJNA473221_Bombus-bifarius,SRR7222181.fq.gz,1537431,15286,1522145
bioprj_PRJNA473221_Bombus-bifarius,SRR7222182.fq.gz,1112136,6749,1105387
bioprj_PRJNA473221_Bombus-bifarius,SRR7222183.fq.gz,1535629,8341,1527288
bioprj_PRJNA473221_Bombus-bifarius,SRR7222184.fq.gz,1310639,8874,1301765
bioprj_PRJNA473221_Bombus-bifarius,SRR7222185.fq.gz,1484446,9854,1474592
bioprj_PRJNA473221_Bombus-bifarius,SRR7222186.fq.gz,1291374,9010,1282364
bioprj_PRJNA473221_Bombus-bifarius,SRR7222187.fq.gz,1354253,9995,1344258
bioprj_PRJNA473221_Bombus-bifarius,SRR7222189.fq.gz,1391226,32503,1358723
bioprj_PRJNA473221_Bombus-bifarius,SRR7222200.fq.gz,1655984,9717,1646267
bioprj_PRJNA473221_Bombus-bifarius,SRR7222207.fq.gz,1742051,12629,1729422
bioprj_PRJNA473221_Bombus-bifarius,SRR7222209.fq.gz,1899549,43561,1855988
bioprj_PRJNA473221_Bombus-bifarius,SRR7222210.fq.gz,1520680,34827,1485853
bioprj_PRJNA473221_Bombus-bifarius,SRR7222212.fq.gz,1821284,32167,1789117
bioprj_PRJNA473221_Bombus-bifarius,SRR7222213.fq.gz,1459783,27313,1432470
bioprj_PRJNA473221_Bombus-bifarius,SRR7222214.fq.gz,1879369,37737,1841632
bioprj_PRJNA473221_Bombus-bifarius,SRR7222215.fq.gz,1501127,19619,1481508
bioprj_PRJNA473221_Bombus-bifarius,SRR7222216.fq.gz,1637483,22205,1615278
bioprj_PRJNA473221_Bombus-bifarius,SRR7222218.fq.gz,1131898,36064,1095834
bioprj_PRJNA473221_Bombus-bifarius,SRR7222219.fq.gz,1226525,18313,1208212
bioprj_PRJNA473221_Bombus-bifarius,SRR7222220.fq.gz,1606822,6780,1600042
bioprj_PRJNA473221_Bombus-bifarius,SRR7222221.fq.gz,1465351,5723,1459628
bioprj_PRJNA473221_Bombus-bifarius,SRR7222224.fq.gz,1594944,8256,1586688
bioprj_PRJNA473221_Bombus-bifarius,SRR7222225.fq.gz,1879124,64713,1814411
bioprj_PRJNA473221_Bombus-bifarius,SRR7222226.fq.gz,1806837,21185,1785652
bioprj_PRJNA473221_Bombus-bifarius,SRR7222227.fq.gz,1402139,7643,1394496
bioprj_PRJNA473221_Bombus-bifarius,SRR7222228.fq.gz,1777002,9157,1767845
bioprj_PRJNA473221_Bombus-bifarius,SRR7222229.fq.gz,1423830,6955,1416875
bioprj_PRJNA473221_Bombus-bifarius,SRR7222230.fq.gz,1771006,8944,1762062
bioprj_PRJNA473221_Bombus-bifarius,SRR7222231.fq.gz,1942177,9690,1932487
bioprj_PRJNA473221_Bombus-bifarius,SRR7222232.fq.gz,1114705,7654,1107051
bioprj_PRJNA473221_Bombus-bifarius,SRR7222233.fq.gz,1553945,11466,1542479
bioprj_PRJNA473221_Bombus-bifarius,SRR7222234.fq.gz,1918389,16928,1901461
bioprj_PRJNA473221_Bombus-bifarius,SRR7222235.fq.gz,1885473,11905,1873568
bioprj_PRJNA473221_Bombus-bifarius,SRR7222236.fq.gz,1982941,13397,1969544
bioprj_PRJNA473221_Bombus-bifarius,SRR7222237.fq.gz,1706174,8774,1697400
bioprj_PRJNA473221_Bombus-bifarius,SRR7222238.fq.gz,1912085,13562,1898523
bioprj_PRJNA473221_Bombus-bifarius,SRR7222239.fq.gz,1905430,17647,1887783
bioprj_PRJNA473221_Bombus-bifarius,SRR7222240.fq.gz,1497552,14315,1483237
bioprj_PRJNA473221_Bombus-bifarius,SRR7222241.fq.gz,1252418,8507,1243911
bioprj_PRJNA473221_Bombus-bifarius,SRR7222264.fq.gz,1070555,15399,1055156
bioprj_PRJNA473221_Bombus-bifarius,SRR7222266.fq.gz,1748315,14309,1734006
bioprj_PRJNA473221_Bombus-bifarius,SRR7222267.fq.gz,1128505,3912,1124593
bioprj_PRJNA473221_Bombus-bifarius,SRR7222268.fq.gz,1374375,6689,1367686
bioprj_PRJNA473221_Bombus-bifarius,SRR7222269.fq.gz,1713776,5841,1707935
bioprj_PRJNA473221_Bombus-bifarius,SRR7222270.fq.gz,1507382,7078,1500304
bioprj_PRJNA473221_Bombus-bifarius,SRR7222271.fq.gz,1507516,8692,1498824
bioprj_PRJNA473221_Bombus-bifarius,SRR7222272.fq.gz,1709580,8404,1701176
bioprj_PRJNA473221_Bombus-bifarius,SRR7222273.fq.gz,1706922,6408,1700514
bioprj_PRJNA473221_Bombus-bifarius,SRR7222274.fq.gz,1144134,4401,1139733
bioprj_PRJNA473221_Bombus-bifarius,SRR7222275.fq.gz,1777666,7934,1769732
bioprj_PRJNA473221_Bombus-bifarius,SRR7222276.fq.gz,1645866,6639,1639227
bioprj_PRJNA473221_Bombus-bifarius,SRR7222278.fq.gz,1464099,9401,1454698
bioprj_PRJNA473221_Bombus-bifarius,SRR7222281.fq.gz,1174707,9125,1165582
bioprj_PRJNA473221_Bombus-bifarius,SRR7222282.fq.gz,1187444,9176,1178268
bioprj_PRJNA473221_Bombus-bifarius,SRR7222289.fq.gz,1874469,10485,1863984
bioprj_PRJNA473221_Bombus-bifarius,SRR7222290.fq.gz,1584542,11257,1573285
bioprj_PRJNA473221_Bombus-bifarius,SRR7222291.fq.gz,1847714,9465,1838249
bioprj_PRJNA473221_Bombus-bifarius,SRR7222292.fq.gz,1324000,8536,1315464
bioprj_PRJNA473221_Bombus-bifarius,SRR7222293.fq.gz,1741821,14081,1727740
bioprj_PRJNA473221_Bombus-bifarius,SRR7222294.fq.gz,1704542,18007,1686535
bioprj_PRJNA473221_Bombus-bifarius,SRR7222295.fq.gz,1589407,9761,1579646
bioprj_PRJNA473221_Bombus-bifarius,SRR7222296.fq.gz,1875873,33573,1842300
bioprj_PRJNA473221_Bombus-bifarius,SRR7222300.fq.gz,1908904,11493,1897411
bioprj_PRJNA473221_Bombus-bifarius,SRR7222305.fq.gz,1632890,13417,1619473
bioprj_PRJNA473221_Bombus-bifarius,SRR7222306.fq.gz,1810650,16946,1793704
bioprj_PRJNA473221_Bombus-bifarius,SRR7222307.fq.gz,1969217,14274,1954943
bioprj_PRJNA473221_Bombus-bifarius,SRR7222308.fq.gz,1659706,11002,1648704
bioprj_PRJNA473221_Bombus-bifarius,SRR7222309.fq.gz,1433734,8136,1425598
bioprj_PRJNA473221_Bombus-bifarius,SRR7222310.fq.gz,1732578,10801,1721777
bioprj_PRJNA473221_Bombus-bifarius,SRR7222311.fq.gz,1421803,7192,1414611
bioprj_PRJNA473221_Bombus-bifarius,SRR7222312.fq.gz,1404827,8927,1395900
bioprj_PRJNA473221_Bombus-bifarius,SRR7222313.fq.gz,1662629,13647,1648982
bioprj_PRJNA473221_Bombus-bifarius,SRR7222314.fq.gz,1793645,13393,1780252
bioprj_PRJNA473221_Bombus-bifarius,SRR7222315.fq.gz,1374506,7828,1366678
bioprj_PRJNA473221_Bombus-bifarius,SRR7222316.fq.gz,1212395,6182,1206213
bioprj_PRJNA473221_Bombus-bifarius,SRR7222317.fq.gz,1698838,10379,1688459
bioprj_PRJNA473221_Bombus-bifarius,SRR7222376.fq.gz,1523600,20717,1502883
bioprj_PRJNA473221_Bombus-bifarius,SRR7222377.fq.gz,1951805,42127,1909678
bioprj_PRJNA473221_Bombus-bifarius,SRR7222378.fq.gz,2074304,40717,2033587
bioprj_PRJNA473221_Bombus-bifarius,SRR7222379.fq.gz,2035304,22364,2012940
bioprj_PRJNA473221_Bombus-bifarius,SRR7222380.fq.gz,1371639,22504,1349135
bioprj_PRJNA473221_Bombus-bifarius,SRR7222381.fq.gz,1700570,28936,1671634
bioprj_PRJNA473221_Bombus-bifarius,SRR7222382.fq.gz,1974505,30946,1943559
bioprj_PRJNA473221_Bombus-bifarius,SRR7222383.fq.gz,1693155,40407,1652748
bioprj_PRJNA473221_Bombus-bifarius,SRR7222384.fq.gz,1706109,74098,1632011
bioprj_PRJNA473221_Bombus-bifarius,SRR7222385.fq.gz,1938140,49786,1888354
bioprj_PRJNA473221_Bombus-bifarius,SRR7222386.fq.gz,1807262,10441,1796821
bioprj_PRJNA473221_Bombus-bifarius,SRR7222388.fq.gz,1310052,8594,1301458
bioprj_PRJNA473221_Bombus-bifarius,SRR7222389.fq.gz,1296072,7677,1288395
bioprj_PRJNA473221_Bombus-bifarius,SRR7222390.fq.gz,1271554,6888,1264666
bioprj_PRJNA473221_Bombus-bifarius,SRR7222391.fq.gz,1607774,12107,1595667
bioprj_PRJNA473221_Bombus-bifarius,SRR7222392.fq.gz,1558610,17052,1541558
bioprj_PRJNA473221_Bombus-bifarius,SRR7222393.fq.gz,1898484,12658,1885826
bioprj_PRJNA473221_Bombus-bifarius,SRR7222394.fq.gz,1486549,10078,1476471
bioprj_PRJNA473221_Bombus-bifarius,SRR7222395.fq.gz,1728302,11553,1716749
bioprj_PRJNA473221_Bombus-bifarius,SRR7222396.fq.gz,1905216,107414,1797802
bioprj_PRJNA473221_Bombus-bifarius,SRR7222397.fq.gz,1748096,30052,1718044
bioprj_PRJNA473221_Bombus-bifarius,SRR7222398.fq.gz,1975436,43088,1932348
bioprj_PRJNA473221_Bombus-bifarius,SRR7222399.fq.gz,1397374,34308,1363066
bioprj_PRJNA473221_Bombus-bifarius,SRR7222400.fq.gz,1522624,72484,1450140
bioprj_PRJNA473221_Bombus-bifarius,SRR7222401.fq.gz,1543256,22954,1520302
bioprj_PRJNA473221_Bombus-bifarius,SRR7222402.fq.gz,1861335,79160,1782175
bioprj_PRJNA473221_Bombus-bifarius,SRR7222403.fq.gz,1962749,103850,1858899
bioprj_PRJNA473221_Bombus-bifarius,SRR7222406.fq.gz,1287487,22302,1265185
bioprj_PRJNA473221_Bombus-bifarius,SRR7222407.fq.gz,1327329,29336,1297993
bioprj_PRJNA473221_Bombus-bifarius,SRR7222412.fq.gz,1284433,39578,1244855
bioprj_PRJNA473221_Bombus-bifarius,SRR7222413.fq.gz,933852,21204,912648
bioprj_PRJNA473221_Bombus-bifarius,SRR7222414.fq.gz,1446481,26276,1420205
bioprj_PRJNA473221_Bombus-bifarius,SRR7222415.fq.gz,1846199,20810,1825389
bioprj_PRJNA473221_Bombus-bifarius,SRR7222416.fq.gz,1273352,24181,1249171
bioprj_PRJNA473221_Bombus-bifarius,SRR7222417.fq.gz,1356254,42414,1313840
bioprj_PRJNA473221_Bombus-bifarius,SRR7222418.fq.gz,1185810,58551,1127259
bioprj_PRJNA473221_Bombus-bifarius,SRR7222419.fq.gz,1270141,23006,1247135
bioprj_PRJNA473221_Bombus-bifarius,SRR7222448.fq.gz,1545812,27255,1518557
bioprj_PRJNA473221_Bombus-bifarius,SRR7222449.fq.gz,2047318,48561,1998757
bioprj_PRJNA473221_Bombus-bifarius,SRR7222451.fq.gz,1820473,34286,1786187
bioprj_PRJNA473221_Bombus-bifarius,SRR7222452.fq.gz,2017810,38467,1979343
bioprj_PRJNA473221_Bombus-bifarius,SRR7222453.fq.gz,2309000,124726,2184274
bioprj_PRJNA473221_Bombus-bifarius,SRR7222454.fq.gz,1404993,43391,1361602
bioprj_PRJNA473221_Bombus-bifarius,SRR7222455.fq.gz,1538443,23925,1514518
bioprj_PRJNA473221_Bombus-bifarius,SRR7222456.fq.gz,1663297,20322,1642975
bioprj_PRJNA473221_Bombus-bifarius,SRR7222457.fq.gz,1904799,34132,1870667
bioprj_PRJNA473221_Bombus-bifarius,SRR7222458.fq.gz,1641222,27561,1613661
bioprj_PRJNA473221_Bombus-bifarius,SRR7222459.fq.gz,1253291,8346,1244945
bioprj_PRJNA473221_Bombus-bifarius,SRR7222460.fq.gz,1311743,14209,1297534
bioprj_PRJNA473221_Bombus-bifarius,SRR7222461.fq.gz,1977753,17352,1960401
bioprj_PRJNA473221_Bombus-bifarius,SRR7222462.fq.gz,1971877,120141,1851736
bioprj_PRJNA473221_Bombus-bifarius,SRR7222463.fq.gz,1602471,21281,1581190
bioprj_PRJNA473221_Bombus-bifarius,SRR7222464.fq.gz,1781990,73381,1708609
bioprj_PRJNA473221_Bombus-bifarius,SRR7222465.fq.gz,1809811,93385,1716426
bioprj_PRJNA473221_Bombus-bifarius,SRR7222466.fq.gz,1863517,70911,1792606
bioprj_PRJNA473221_Bombus-bifarius,SRR7222467.fq.gz,1541918,28939,1512979
bioprj_PRJNA473221_Bombus-bifarius,SRR7222468.fq.gz,1633769,37014,1596755
bioprj_PRJNA473221_Bombus-bifarius,SRR7222469.fq.gz,1835298,13869,1821429
bioprj_PRJNA473221_Bombus-bifarius,SRR7222470.fq.gz,1789299,17591,1771708
bioprj_PRJNA473221_Bombus-bifarius,SRR7222471.fq.gz,1689883,14046,1675837
bioprj_PRJNA473221_Bombus-bifarius,SRR7222472.fq.gz,1772687,13332,1759355
bioprj_PRJNA473221_Bombus-bifarius,SRR7222473.fq.gz,1632300,9712,1622588
bioprj_PRJNA473221_Bombus-bifarius,SRR7222474.fq.gz,1830216,11286,1818930
bioprj_PRJNA473221_Bombus-bifarius,SRR7222475.fq.gz,1968335,10298,1958037
bioprj_PRJNA473221_Bombus-bifarius,SRR7222476.fq.gz,1536649,7197,1529452
bioprj_PRJNA473221_Bombus-bifarius,SRR7222478.fq.gz,1752798,17426,1735372
bioprj_PRJNA473221_Bombus-bifarius,SRR7222479.fq.gz,1285860,16157,1269703
bioprj_PRJNA473221_Bombus-bifarius,SRR7222506.fq.gz,1896470,15982,1880488
bioprj_PRJNA473221_Bombus-bifarius,SRR7222507.fq.gz,1840158,17963,1822195
bioprj_PRJNA473221_Bombus-bifarius,SRR7222508.fq.gz,1770383,31221,1739162
bioprj_PRJNA473221_Bombus-bifarius,SRR7222509.fq.gz,1190462,70587,1119875
bioprj_PRJNA473221_Bombus-bifarius,SRR7222510.fq.gz,1239614,52249,1187365
bioprj_PRJNA473221_Bombus-bifarius,SRR7222511.fq.gz,1656592,81860,1574732
bioprj_PRJNA473221_Bombus-bifarius,SRR7222512.fq.gz,1721840,34550,1687290
bioprj_PRJNA473221_Bombus-bifarius,SRR7222513.fq.gz,1670573,37243,1633330
bioprj_PRJNA473221_Bombus-bifarius,SRR7222514.fq.gz,1420075,10390,1409685
bioprj_PRJNA473221_Bombus-bifarius,SRR7222515.fq.gz,1882097,18599,1863498
bioprj_PRJNA473221_Bombus-bifarius,SRR7222561.fq.gz,1290220,19565,1270655
bioprj_PRJNA473221_Bombus-bifarius,SRR7222562.fq.gz,1418137,8194,1409943
bioprj_PRJNA473221_Bombus-bifarius,SRR7222565.fq.gz,1683766,9441,1674325
bioprj_PRJNA473221_Bombus-bifarius,SRR7222566.fq.gz,1755906,10306,1745600
bioprj_PRJNA473221_Bombus-bifarius,SRR7222567.fq.gz,1698538,18117,1680421
bioprj_PRJNA473221_Bombus-bifarius,SRR7222568.fq.gz,1588694,10813,1577881
bioprj_PRJNA473221_Bombus-bifarius,SRR7222569.fq.gz,1978372,10716,1967656
bioprj_PRJNA473221_Bombus-bifarius,SRR7222570.fq.gz,1852841,11056,1841785
bioprj_PRJNA473221_Bombus-bifarius,SRR7222571.fq.gz,1929193,16715,1912478
bioprj_PRJNA473221_Bombus-bifarius,SRR7222572.fq.gz,1343830,6151,1337679
bioprj_PRJNA473221_Bombus-bifarius,SRR7222573.fq.gz,1245066,6956,1238110
bioprj_PRJNA473221_Bombus-bifarius,SRR7222574.fq.gz,1450696,10583,1440113
bioprj_PRJNA473221_Bombus-bifarius,SRR7222589.fq.gz,1329053,24844,1304209
bioprj_PRJNA473221_Bombus-bifarius,SRR7222595.fq.gz,1722139,13600,1708539
bioprj_PRJNA473221_Bombus-bifarius,SRR7222596.fq.gz,1842187,14955,1827232
bioprj_PRJNA473221_Bombus-bifarius,SRR7222597.fq.gz,1253373,6249,1247124
bioprj_PRJNA473221_Bombus-bifarius,SRR7222598.fq.gz,1974346,8115,1966231
bioprj_PRJNA473221_Bombus-bifarius,SRR7222599.fq.gz,1976732,15816,1960916
bioprj_PRJNA473221_Bombus-bifarius,SRR7222600.fq.gz,1802565,8389,1794176
bioprj_PRJNA473221_Bombus-bifarius,SRR7222601.fq.gz,1140687,4543,1136144
bioprj_PRJNA473221_Bombus-bifarius,SRR7222602.fq.gz,1575986,9359,1566627
bioprj_PRJNA473221_Bombus-bifarius,SRR7222603.fq.gz,1852742,8568,1844174
bioprj_PRJNA473221_Bombus-bifarius,SRR7222605.fq.gz,1846613,10036,1836577
bioprj_PRJNA473221_Bombus-bifarius,SRR7222606.fq.gz,1565504,7734,1557770
bioprj_PRJNA473221_Bombus-bifarius,SRR7222618.fq.gz,1566570,12976,1553594
bioprj_PRJNA473221_Bombus-bifarius,SRR7222619.fq.gz,1828952,9545,1819407
bioprj_PRJNA473221_Bombus-bifarius,SRR7222620.fq.gz,1295677,10636,1285041
bioprj_PRJNA473221_Bombus-bifarius,SRR7222621.fq.gz,1956703,14496,1942207
bioprj_PRJNA473221_Bombus-bifarius,SRR7222622.fq.gz,1858878,39145,1819733
bioprj_PRJNA473221_Bombus-bifarius,SRR7222623.fq.gz,1274836,8719,1266117
bioprj_PRJNA473221_Bombus-bifarius,SRR7222624.fq.gz,1496058,7777,1488281
bioprj_PRJNA473221_Bombus-bifarius,SRR7222625.fq.gz,1351420,7978,1343442
bioprj_PRJNA473221_Bombus-bifarius,SRR7222626.fq.gz,1342059,52299,1289760
bioprj_PRJNA473221_Bombus-bifarius,SRR7222627.fq.gz,1761428,12891,1748537
bioprj_PRJNA473221_Bombus-bifarius,SRR7222656.fq.gz,1615225,9908,1605317
bioprj_PRJNA473221_Bombus-bifarius,SRR7222657.fq.gz,1432723,11751,1420972
bioprj_PRJNA473221_Bombus-bifarius,SRR7222659.fq.gz,1789112,79797,1709315
bioprj_PRJNA473221_Bombus-bifarius,SRR7222660.fq.gz,1301635,18428,1283207
bioprj_PRJNA473221_Bombus-bifarius,SRR7222661.fq.gz,1241789,69165,1172624
bioprj_PRJNA473221_Bombus-bifarius,SRR7222662.fq.gz,1665401,33952,1631449
bioprj_PRJNA473221_Bombus-bifarius,SRR7222663.fq.gz,1252283,38208,1214075
bioprj_PRJNA473221_Bombus-bifarius,SRR7222664.fq.gz,1175584,8178,1167406
bioprj_PRJNA473221_Bombus-bifarius,SRR7222665.fq.gz,1893816,25367,1868449
bioprj_PRJNA473221_Bombus-bifarius,SRR7222666.fq.gz,1380272,17128,1363144
bioprj_PRJNA473221_Bombus-bifarius,SRR7222714.fq.gz,1404794,24222,1380572
bioprj_PRJNA473221_Bombus-bifarius,SRR7222715.fq.gz,1397131,34344,1362787
bioprj_PRJNA473221_Bombus-bifarius,SRR7222716.fq.gz,1135284,21961,1113323
bioprj_PRJNA473221_Bombus-bifarius,SRR7222717.fq.gz,1163554,73962,1089592
bioprj_PRJNA473221_Bombus-bifarius,SRR7222718.fq.gz,1519525,49336,1470189
bioprj_PRJNA473221_Bombus-bifarius,SRR7222719.fq.gz,1163302,53902,1109400
bioprj_PRJNA473221_Bombus-bifarius,SRR7222720.fq.gz,1166887,37161,1129726
bioprj_PRJNA473221_Bombus-bifarius,SRR7222722.fq.gz,1010438,24848,985590
bioprj_PRJNA473221_Bombus-bifarius,SRR7222723.fq.gz,1196999,38327,1158672
bioprj_PRJNA473221_Bombus-bifarius,SRR7222725.fq.gz,1524780,11734,1513046
bioprj_PRJNA473221_Bombus-bifarius,SRR7222726.fq.gz,1723971,45460,1678511
bioprj_PRJNA473221_Bombus-bifarius,SRR7222727.fq.gz,1358731,27590,1331141
bioprj_PRJNA473221_Bombus-bifarius,SRR7222728.fq.gz,1971086,160282,1810804
bioprj_PRJNA473221_Bombus-bifarius,SRR7222729.fq.gz,1636486,17644,1618842
bioprj_PRJNA473221_Bombus-bifarius,SRR7222730.fq.gz,857114,3134,853980
bioprj_PRJNA473221_Bombus-bifarius,SRR7222731.fq.gz,1882299,25151,1857148
bioprj_PRJNA473221_Bombus-bifarius,SRR7222732.fq.gz,1635286,16865,1618421
bioprj_PRJNA473221_Bombus-bifarius,SRR7222733.fq.gz,1714172,8551,1705621
bioprj_PRJNA473221_Bombus-bifarius,SRR7222734.fq.gz,1216107,23322,1192785
bioprj_PRJNA473221_Bombus-bifarius,SRR7222735.fq.gz,1648132,10543,1637589
bioprj_PRJNA473221_Bombus-bifarius,SRR7222736.fq.gz,1864525,9804,1854721
bioprj_PRJNA473221_Bombus-bifarius,SRR7222737.fq.gz,1532593,8236,1524357
bioprj_PRJNA473221_Bombus-bifarius,SRR7222738.fq.gz,1475000,8517,1466483
bioprj_PRJNA473221_Bombus-bifarius,SRR7222739.fq.gz,1782457,24914,1757543
bioprj_PRJNA473221_Bombus-bifarius,SRR7222740.fq.gz,1779742,14282,1765460
bioprj_PRJNA473221_Bombus-bifarius,SRR7222741.fq.gz,1847760,9687,1838073
bioprj_PRJNA473221_Bombus-bifarius,SRR7222742.fq.gz,1326432,8668,1317764
bioprj_PRJNA473221_Bombus-bifarius,SRR7222747.fq.gz,1920279,12551,1907728
bioprj_PRJNA473221_Bombus-bifarius,SRR7222748.fq.gz,1507901,13930,1493971
bioprj_PRJNA473221_Bombus-bifarius,SRR7222775.fq.gz,1714369,21969,1692400
bioprj_PRJNA473221_Bombus-bifarius,SRR7222776.fq.gz,1787594,20994,1766600
bioprj_PRJNA473221_Bombus-bifarius,SRR7222779.fq.gz,1322439,21734,1300705
bioprj_PRJNA473221_Bombus-bifarius,SRR7222780.fq.gz,1429160,13666,1415494
bioprj_PRJNA473221_Bombus-bifarius,SRR7222781.fq.gz,1500865,50390,1450475
bioprj_PRJNA473221_Bombus-bifarius,SRR7222782.fq.gz,1437099,115123,1321976
bioprj_PRJNA473221_Bombus-bifarius,SRR7222783.fq.gz,1976638,13498,1963140
bioprj_PRJNA473221_Bombus-bifarius,SRR7222784.fq.gz,1361728,15709,1346019
bioprj_PRJNA473221_Bombus-bifarius,SRR7222785.fq.gz,1686847,20089,1666758
bioprj_PRJNA473221_Bombus-bifarius,SRR7222786.fq.gz,1766484,19877,1746607
bioprj_PRJNA473221_Bombus-bifarius,SRR7222789.fq.gz,1922076,13928,1908148
bioprj_PRJNA473221_Bombus-bifarius,SRR7222790.fq.gz,1686554,12095,1674459
bioprj_PRJNA473221_Bombus-bifarius,SRR7222791.fq.gz,1493654,17721,1475933
bioprj_PRJNA473221_Bombus-bifarius,SRR7222792.fq.gz,1516895,41442,1475453
bioprj_PRJNA473221_Bombus-bifarius,SRR7222793.fq.gz,1152408,7703,1144705
bioprj_PRJNA473221_Bombus-bifarius,SRR7222794.fq.gz,1108677,5534,1103143
bioprj_PRJNA473221_Bombus-bifarius,SRR7222795.fq.gz,1210236,11034,1199202
bioprj_PRJNA473221_Bombus-bifarius,SRR7222796.fq.gz,1505501,17289,1488212
bioprj_PRJNA473221_Bombus-bifarius,SRR7222797.fq.gz,1141530,9822,1131708
bioprj_PRJNA473221_Bombus-bifarius,SRR7222798.fq.gz,1675607,10680,1664927
bioprj_PRJNA473221_Bombus-bifarius,SRR7222800.fq.gz,1262148,29979,1232169
bioprj_PRJNA473221_Bombus-bifarius,SRR7222801.fq.gz,2344393,35328,2309065
bioprj_PRJNA473221_Bombus-bifarius,SRR7222819.fq.gz,1729271,11866,1717405
bioprj_PRJNA473221_Bombus-bifarius,SRR7222820.fq.gz,1160011,6523,1153488
bioprj_PRJNA473221_Bombus-bifarius,SRR7222821.fq.gz,1568689,12446,1556243
bioprj_PRJNA473221_Bombus-bifarius,SRR7222822.fq.gz,1981440,15882,1965558
bioprj_PRJNA473221_Bombus-bifarius,SRR7222823.fq.gz,1698618,24291,1674327
bioprj_PRJNA473221_Bombus-bifarius,SRR7222824.fq.gz,1817210,16465,1800745
bioprj_PRJNA473221_Bombus-bifarius,SRR7222825.fq.gz,1677391,11438,1665953
bioprj_PRJNA473221_Bombus-bifarius,SRR7222826.fq.gz,1845520,9030,1836490
bioprj_PRJNA473221_Bombus-bifarius,SRR7222827.fq.gz,1810124,14649,1795475
bioprj_PRJNA473221_Bombus-bifarius,SRR7222828.fq.gz,1758612,41715,1716897
bioprj_PRJNA473221_Bombus-bifarius,SRR7222843.fq.gz,1133058,5822,1127236
bioprj_PRJNA473221_Bombus-bifarius,SRR7222846.fq.gz,1570101,7504,1562597
bioprj_PRJNA473221_Bombus-bifarius,SRR7222865.fq.gz,1352739,35159,1317580
bioprj_PRJNA473221_Bombus-bifarius,SRR7222866.fq.gz,1661384,34525,1626859
bioprj_PRJNA473221_Bombus-bifarius,SRR7222867.fq.gz,1270438,35389,1235049
bioprj_PRJNA473221_Bombus-bifarius,SRR7222868.fq.gz,1536303,17486,1518817
bioprj_PRJNA473221_Bombus-bifarius,SRR7222869.fq.gz,1356997,22531,1334466
bioprj_PRJNA473221_Bombus-bifarius,SRR7222870.fq.gz,1277976,26426,1251550
bioprj_PRJNA473221_Bombus-bifarius,SRR7222871.fq.gz,1007412,22979,984433
bioprj_PRJNA473221_Bombus-bifarius,SRR7222872.fq.gz,1657236,19249,1637987
bioprj_PRJNA473221_Bombus-bifarius,SRR7222873.fq.gz,1535857,19964,1515893
bioprj_PRJNA473221_Bombus-bifarius,SRR7222874.fq.gz,1852572,22868,1829704
bioprj_PRJNA473221_Bombus-bifarius,SRR7222875.fq.gz,1921682,7580,1914102
bioprj_PRJNA473221_Bombus-bifarius,SRR7222876.fq.gz,1741067,9762,1731305
bioprj_PRJNA473221_Bombus-bifarius,SRR7222878.fq.gz,1464176,10065,1454111
bioprj_PRJNA473221_Bombus-bifarius,SRR7222879.fq.gz,1468890,9501,1459389
bioprj_PRJNA473221_Bombus-bifarius,SRR7222880.fq.gz,1308244,7565,1300679
bioprj_PRJNA473221_Bombus-bifarius,SRR7222881.fq.gz,1932540,10374,1922166
bioprj_PRJNA473221_Bombus-bifarius,SRR7222882.fq.gz,1760648,10624,1750024
bioprj_PRJNA473221_Bombus-bifarius,SRR7222883.fq.gz,1857048,10557,1846491
bioprj_PRJNA473221_Bombus-bifarius,SRR7222884.fq.gz,1463028,11699,1451329
bioprj_PRJNA473221_Bombus-bifarius,SRR7222885.fq.gz,1105711,6168,1099543
bioprj_PRJNA473221_Bombus-bifarius,SRR7222886.fq.gz,1503206,10933,1492273
bioprj_PRJNA473221_Bombus-bifarius,SRR7222887.fq.gz,1792684,42699,1749985
bioprj_PRJNA473221_Bombus-bifarius,SRR7222916.fq.gz,1593069,6068,1587001
bioprj_PRJNA473221_Bombus-bifarius,SRR7222917.fq.gz,1388159,8171,1379988
bioprj_PRJNA473221_Bombus-bifarius,SRR7222920.fq.gz,1872117,8930,1863187
bioprj_PRJNA473221_Bombus-bifarius,SRR7222921.fq.gz,1344443,4485,1339958
bioprj_PRJNA473221_Bombus-bifarius,SRR7222922.fq.gz,1681857,6352,1675505
bioprj_PRJNA473221_Bombus-bifarius,SRR7222923.fq.gz,1706763,8004,1698759
bioprj_PRJNA473221_Bombus-bifarius,SRR7222924.fq.gz,1921432,35740,1885692
bioprj_PRJNA473221_Bombus-bifarius,SRR7222925.fq.gz,1759918,9198,1750720
bioprj_PRJNA473221_Bombus-bifarius,SRR7222926.fq.gz,1625614,18210,1607404
bioprj_PRJNA473221_Bombus-bifarius,SRR7222927.fq.gz,1613571,5838,1607733
bioprj_PRJNA473221_Bombus-bifarius,SRR7222941.fq.gz,1306484,8023,1298461
bioprj_PRJNA473221_Bombus-bifarius,SRR7222942.fq.gz,1421834,9785,1412049
bioprj_PRJNA473221_Bombus-bifarius,SRR7222943.fq.gz,1584580,9479,1575101
bioprj_PRJNA473221_Bombus-bifarius,SRR7222944.fq.gz,1288827,8390,1280437
bioprj_PRJNA473221_Bombus-bifarius,SRR7222945.fq.gz,1965758,14033,1951725
bioprj_PRJNA473221_Bombus-bifarius,SRR7222946.fq.gz,1597935,10088,1587847
bioprj_PRJNA473221_Bombus-bifarius,SRR7222947.fq.gz,1777779,17078,1760701
bioprj_PRJNA473221_Bombus-bifarius,SRR7222948.fq.gz,1287313,13921,1273392
bioprj_PRJNA473221_Bombus-bifarius,SRR7222950.fq.gz,1553781,18213,1535568
bioprj_PRJNA473221_Bombus-bifarius,SRR7222951.fq.gz,1740460,12723,1727737
bioprj_PRJNA473221_Bombus-bifarius,SRR7222970.fq.gz,1919685,46250,1873435
bioprj_PRJNA473221_Bombus-bifarius,SRR7222971.fq.gz,1624193,34813,1589380
bioprj_PRJNA473221_Bombus-bifarius,SRR7222976.fq.gz,1517966,15879,1502087
bioprj_PRJNA473221_Bombus-bifarius,SRR7222977.fq.gz,1259737,7924,1251813
bioprj_PRJNA473221_Bombus-bifarius,SRR7222978.fq.gz,1581478,9595,1571883
bioprj_PRJNA473221_Bombus-bifarius,SRR7222979.fq.gz,1291639,9055,1282584
bioprj_PRJNA473221_Bombus-bifarius,SRR7222980.fq.gz,1472613,12590,1460023
bioprj_PRJNA473221_Bombus-bifarius,SRR7222981.fq.gz,1631396,17776,1613620
bioprj_PRJNA473221_Bombus-bifarius,SRR7222982.fq.gz,1472611,11876,1460735
bioprj_PRJNA473221_Bombus-bifarius,SRR7222983.fq.gz,1455531,14881,1440650
bioprj_PRJNA473221_Bombus-bifarius,SRR7223000.fq.gz,1862998,10858,1852140
bioprj_PRJNA473221_Bombus-bifarius,SRR7223001.fq.gz,1851382,17069,1834313
bioprj_PRJNA473221_Bombus-bifarius,SRR7223002.fq.gz,1553278,6539,1546739
bioprj_PRJNA473221_Bombus-bifarius,SRR7223003.fq.gz,1580997,5310,1575687
